G,1,1234,1,51.128207,71.430411,347,12.3,9,0.9*50
G,1,0,1,-80.000000,-170.000000,347,12.3,9,0.9*55
G,1,1,1,-79.840000,-169.660000,347,12.3,9,0.9*56
G,1,2,1,-79.680000,-169.320000,347,12.3,9,0.9*56
G,1,3,1,-79.520000,-168.980000,347,12.3,9,0.9*5F
G,1,4,1,-79.360000,-168.640000,347,12.3,9,0.9*59
G,1,5,1,-79.200000,-168.300000,347,12.3,9,0.9*5E
G,1,6,1,-79.040000,-167.960000,347,12.3,9,0.9*58
G,1,7,1,-78.880000,-167.620000,347,12.3,9,0.9*57
G,1,8,1,-78.720000,-167.280000,347,12.3,9,0.9*53
G,1,9,1,-78.560000,-166.940000,347,12.3,9,0.9*52
G,1,10,1,-78.400000,-166.600000,347,12.3,9,0.9*66
G,1,11,1,-78.240000,-166.260000,347,12.3,9,0.9*67
G,1,12,1,-78.080000,-165.920000,347,12.3,9,0.9*66
G,1,13,1,-77.920000,-165.580000,347,12.3,9,0.9*6D
G,1,14,1,-77.760000,-165.240000,347,12.3,9,0.9*6B
G,1,15,1,-77.600000,-164.900000,347,12.3,9,0.9*63
G,1,16,1,-77.440000,-164.560000,347,12.3,9,0.9*6C
G,1,17,1,-77.280000,-164.220000,347,12.3,9,0.9*64
G,1,18,1,-77.120000,-163.880000,347,12.3,9,0.9*65
G,1,19,1,-76.960000,-163.540000,347,12.3,9,0.9*68
G,1,20,1,-76.800000,-163.200000,347,12.3,9,0.9*66
G,1,21,1,-76.640000,-162.860000,347,12.3,9,0.9*60
G,1,22,1,-76.480000,-162.520000,347,12.3,9,0.9*64
G,1,23,1,-76.320000,-162.180000,347,12.3,9,0.9*66
G,1,24,1,-76.160000,-161.840000,347,12.3,9,0.9*61
G,1,25,1,-76.000000,-161.500000,347,12.3,9,0.9*6E
G,1,26,1,-75.840000,-161.160000,347,12.3,9,0.9*60
G,1,27,1,-75.680000,-160.820000,347,12.3,9,0.9*6F
G,1,28,1,-75.520000,-160.480000,347,12.3,9,0.9*6F
G,1,29,1,-75.360000,-160.140000,347,12.3,9,0.9*65
G,1,30,1,-75.200000,-159.800000,347,12.3,9,0.9*6D
G,1,31,1,-75.040000,-159.460000,347,12.3,9,0.9*60
G,1,32,1,-74.880000,-159.120000,347,12.3,9,0.9*67
G,1,33,1,-74.720000,-158.780000,347,12.3,9,0.9*6E
G,1,34,1,-74.560000,-158.440000,347,12.3,9,0.9*60
G,1,35,1,-74.400000,-158.100000,347,12.3,9,0.9*67
G,1,36,1,-74.240000,-157.760000,347,12.3,9,0.9*69
G,1,37,1,-74.080000,-157.420000,347,12.3,9,0.9*61
G,1,38,1,-73.920000,-157.080000,347,12.3,9,0.9*64
G,1,39,1,-73.760000,-156.740000,347,12.3,9,0.9*65
G,1,40,1,-73.600000,-156.400000,347,12.3,9,0.9*6B
G,1,41,1,-73.440000,-156.060000,347,12.3,9,0.9*6E
G,1,42,1,-73.280000,-155.720000,347,12.3,9,0.9*67
G,1,43,1,-73.120000,-155.380000,347,12.3,9,0.9*61
G,1,44,1,-72.960000,-155.040000,347,12.3,9,0.9*64
G,1,45,1,-72.800000,-154.700000,347,12.3,9,0.9*60
G,1,46,1,-72.640000,-154.360000,347,12.3,9,0.9*6B
G,1,47,1,-72.480000,-154.020000,347,12.3,9,0.9*63
G,1,48,1,-72.320000,-153.680000,347,12.3,9,0.9*6A
G,1,49,1,-72.160000,-153.340000,347,12.3,9,0.9*64
G,1,50,1,-72.000000,-153.000000,347,12.3,9,0.9*6C
G,1,51,1,-71.840000,-152.660000,347,12.3,9,0.9*63
G,1,52,1,-71.680000,-152.320000,347,12.3,9,0.9*63
G,1,53,1,-71.520000,-151.980000,347,12.3,9,0.9*68
G,1,54,1,-71.360000,-151.640000,347,12.3,9,0.9*6E
G,1,55,1,-71.200000,-151.300000,347,12.3,9,0.9*69
G,1,56,1,-71.040000,-150.960000,347,12.3,9,0.9*61
G,1,57,1,-70.880000,-150.620000,347,12.3,9,0.9*6E
G,1,58,1,-70.720000,-150.280000,347,12.3,9,0.9*6A
G,1,59,1,-70.560000,-149.940000,347,12.3,9,0.9*62
G,1,60,1,-70.400000,-149.600000,347,12.3,9,0.9*64
G,1,61,1,-70.240000,-149.260000,347,12.3,9,0.9*65
G,1,62,1,-70.080000,-148.920000,347,12.3,9,0.9*66
G,1,63,1,-69.920000,-148.580000,347,12.3,9,0.9*6A
G,1,64,1,-69.760000,-148.240000,347,12.3,9,0.9*6C
G,1,65,1,-69.600000,-147.900000,347,12.3,9,0.9*6A
G,1,66,1,-69.440000,-147.560000,347,12.3,9,0.9*65
G,1,67,1,-69.280000,-147.220000,347,12.3,9,0.9*6D
G,1,68,1,-69.120000,-146.880000,347,12.3,9,0.9*6A
G,1,69,1,-68.960000,-146.540000,347,12.3,9,0.9*67
G,1,70,1,-68.800000,-146.200000,347,12.3,9,0.9*6B
G,1,71,1,-68.640000,-145.860000,347,12.3,9,0.9*6F
G,1,72,1,-68.480000,-145.520000,347,12.3,9,0.9*6B
G,1,73,1,-68.320000,-145.180000,347,12.3,9,0.9*69
G,1,74,1,-68.160000,-144.840000,347,12.3,9,0.9*6C
G,1,75,1,-68.000000,-144.500000,347,12.3,9,0.9*63
G,1,76,1,-67.840000,-144.160000,347,12.3,9,0.9*61
G,1,77,1,-67.680000,-143.820000,347,12.3,9,0.9*68
G,1,78,1,-67.520000,-143.480000,347,12.3,9,0.9*68
G,1,79,1,-67.360000,-143.140000,347,12.3,9,0.9*62
G,1,80,1,-67.200000,-142.800000,347,12.3,9,0.9*6F
G,1,81,1,-67.040000,-142.460000,347,12.3,9,0.9*62
G,1,82,1,-66.880000,-142.120000,347,12.3,9,0.9*65
G,1,83,1,-66.720000,-141.780000,347,12.3,9,0.9*6E
G,1,84,1,-66.560000,-141.440000,347,12.3,9,0.9*60
G,1,85,1,-66.400000,-141.100000,347,12.3,9,0.9*67
G,1,86,1,-66.240000,-140.760000,347,12.3,9,0.9*67
G,1,87,1,-66.080000,-140.420000,347,12.3,9,0.9*6F
G,1,88,1,-65.920000,-140.080000,347,12.3,9,0.9*6E
G,1,89,1,-65.760000,-139.740000,347,12.3,9,0.9*60
G,1,90,1,-65.600000,-139.400000,347,12.3,9,0.9*68
G,1,91,1,-65.440000,-139.060000,347,12.3,9,0.9*6D
G,1,92,1,-65.280000,-138.720000,347,12.3,9,0.9*66
G,1,93,1,-65.120000,-138.380000,347,12.3,9,0.9*60
G,1,94,1,-64.960000,-138.040000,347,12.3,9,0.9*65
G,1,95,1,-64.800000,-137.700000,347,12.3,9,0.9*6F
G,1,96,1,-64.640000,-137.360000,347,12.3,9,0.9*64
G,1,97,1,-64.480000,-137.020000,347,12.3,9,0.9*6C
G,1,98,1,-64.320000,-136.680000,347,12.3,9,0.9*63
G,1,99,1,-64.160000,-136.340000,347,12.3,9,0.9*6D
G,1,100,1,-64.000000,-136.000000,347,12.3,9,0.9*5C
G,1,101,1,-63.840000,-135.660000,347,12.3,9,0.9*55
G,1,102,1,-63.680000,-135.320000,347,12.3,9,0.9*55
G,1,103,1,-63.520000,-134.980000,347,12.3,9,0.9*5C
G,1,104,1,-63.360000,-134.640000,347,12.3,9,0.9*5A
G,1,105,1,-63.200000,-134.300000,347,12.3,9,0.9*5D
G,1,106,1,-63.040000,-133.960000,347,12.3,9,0.9*53
G,1,107,1,-62.880000,-133.620000,347,12.3,9,0.9*5C
G,1,108,1,-62.720000,-133.280000,347,12.3,9,0.9*58
G,1,109,1,-62.560000,-132.940000,347,12.3,9,0.9*59
G,1,110,1,-62.400000,-132.600000,347,12.3,9,0.9*5D
G,1,111,1,-62.240000,-132.260000,347,12.3,9,0.9*5C
G,1,112,1,-62.080000,-131.920000,347,12.3,9,0.9*5D
G,1,113,1,-61.920000,-131.580000,347,12.3,9,0.9*5A
G,1,114,1,-61.760000,-131.240000,347,12.3,9,0.9*5C
G,1,115,1,-61.600000,-130.900000,347,12.3,9,0.9*54
G,1,116,1,-61.440000,-130.560000,347,12.3,9,0.9*5B
G,1,117,1,-61.280000,-130.220000,347,12.3,9,0.9*53
G,1,118,1,-61.120000,-129.880000,347,12.3,9,0.9*5D
G,1,119,1,-60.960000,-129.540000,347,12.3,9,0.9*50
G,1,120,1,-60.800000,-129.200000,347,12.3,9,0.9*5E
G,1,121,1,-60.640000,-128.860000,347,12.3,9,0.9*58
G,1,122,1,-60.480000,-128.520000,347,12.3,9,0.9*5C
G,1,123,1,-60.320000,-128.180000,347,12.3,9,0.9*5E
G,1,124,1,-60.160000,-127.840000,347,12.3,9,0.9*55
G,1,125,1,-60.000000,-127.500000,347,12.3,9,0.9*5A
G,1,126,1,-59.840000,-127.160000,347,12.3,9,0.9*5D
G,1,127,1,-59.680000,-126.820000,347,12.3,9,0.9*52
G,1,128,1,-59.520000,-126.480000,347,12.3,9,0.9*52
G,1,129,1,-59.360000,-126.140000,347,12.3,9,0.9*58
G,1,130,1,-59.200000,-125.800000,347,12.3,9,0.9*59
G,1,131,1,-59.040000,-125.460000,347,12.3,9,0.9*54
G,1,132,1,-58.880000,-125.120000,347,12.3,9,0.9*53
G,1,133,1,-58.720000,-124.780000,347,12.3,9,0.9*5A
G,1,134,1,-58.560000,-124.440000,347,12.3,9,0.9*54
G,1,135,1,-58.400000,-124.100000,347,12.3,9,0.9*53
G,1,136,1,-58.240000,-123.760000,347,12.3,9,0.9*55
G,1,137,1,-58.080000,-123.420000,347,12.3,9,0.9*5D
G,1,138,1,-57.920000,-123.080000,347,12.3,9,0.9*50
G,1,139,1,-57.760000,-122.740000,347,12.3,9,0.9*51
G,1,140,1,-57.600000,-122.400000,347,12.3,9,0.9*5F
G,1,141,1,-57.440000,-122.060000,347,12.3,9,0.9*5A
G,1,142,1,-57.280000,-121.720000,347,12.3,9,0.9*53
G,1,143,1,-57.120000,-121.380000,347,12.3,9,0.9*55
G,1,144,1,-56.960000,-121.040000,347,12.3,9,0.9*50
G,1,145,1,-56.800000,-120.700000,347,12.3,9,0.9*54
G,1,146,1,-56.640000,-120.360000,347,12.3,9,0.9*5F
G,1,147,1,-56.480000,-120.020000,347,12.3,9,0.9*57
G,1,148,1,-56.320000,-119.680000,347,12.3,9,0.9*53
G,1,149,1,-56.160000,-119.340000,347,12.3,9,0.9*5D
G,1,150,1,-56.000000,-119.000000,347,12.3,9,0.9*55
G,1,151,1,-55.840000,-118.660000,347,12.3,9,0.9*5A
G,1,152,1,-55.680000,-118.320000,347,12.3,9,0.9*5A
G,1,153,1,-55.520000,-117.980000,347,12.3,9,0.9*5D
G,1,154,1,-55.360000,-117.640000,347,12.3,9,0.9*5B
G,1,155,1,-55.200000,-117.300000,347,12.3,9,0.9*5C
G,1,156,1,-55.040000,-116.960000,347,12.3,9,0.9*54
G,1,157,1,-54.880000,-116.620000,347,12.3,9,0.9*5B
G,1,158,1,-54.720000,-116.280000,347,12.3,9,0.9*5F
G,1,159,1,-54.560000,-115.940000,347,12.3,9,0.9*5C
G,1,160,1,-54.400000,-115.600000,347,12.3,9,0.9*5A
G,1,161,1,-54.240000,-115.260000,347,12.3,9,0.9*5B
G,1,162,1,-54.080000,-114.920000,347,12.3,9,0.9*58
G,1,163,1,-53.920000,-114.580000,347,12.3,9,0.9*5B
G,1,164,1,-53.760000,-114.240000,347,12.3,9,0.9*5D
G,1,165,1,-53.600000,-113.900000,347,12.3,9,0.9*53
G,1,166,1,-53.440000,-113.560000,347,12.3,9,0.9*5C
G,1,167,1,-53.280000,-113.220000,347,12.3,9,0.9*54
G,1,168,1,-53.120000,-112.880000,347,12.3,9,0.9*53
G,1,169,1,-52.960000,-112.540000,347,12.3,9,0.9*5E
G,1,170,1,-52.800000,-112.200000,347,12.3,9,0.9*52
G,1,171,1,-52.640000,-111.860000,347,12.3,9,0.9*56
G,1,172,1,-52.480000,-111.520000,347,12.3,9,0.9*52
G,1,173,1,-52.320000,-111.180000,347,12.3,9,0.9*50
G,1,174,1,-52.160000,-110.840000,347,12.3,9,0.9*55
G,1,175,1,-52.000000,-110.500000,347,12.3,9,0.9*5A
G,1,176,1,-51.840000,-110.160000,347,12.3,9,0.9*54
G,1,177,1,-51.680000,-109.820000,347,12.3,9,0.9*52
G,1,178,1,-51.520000,-109.480000,347,12.3,9,0.9*52
G,1,179,1,-51.360000,-109.140000,347,12.3,9,0.9*58
G,1,180,1,-51.200000,-108.800000,347,12.3,9,0.9*55
G,1,181,1,-51.040000,-108.460000,347,12.3,9,0.9*58
G,1,182,1,-50.880000,-108.120000,347,12.3,9,0.9*5F
G,1,183,1,-50.720000,-107.780000,347,12.3,9,0.9*58
G,1,184,1,-50.560000,-107.440000,347,12.3,9,0.9*56
G,1,185,1,-50.400000,-107.100000,347,12.3,9,0.9*51
G,1,186,1,-50.240000,-106.760000,347,12.3,9,0.9*51
G,1,187,1,-50.080000,-106.420000,347,12.3,9,0.9*59
G,1,188,1,-49.920000,-106.080000,347,12.3,9,0.9*53
G,1,189,1,-49.760000,-105.740000,347,12.3,9,0.9*50
G,1,190,1,-49.600000,-105.400000,347,12.3,9,0.9*58
G,1,191,1,-49.440000,-105.060000,347,12.3,9,0.9*5D
G,1,192,1,-49.280000,-104.720000,347,12.3,9,0.9*56
G,1,193,1,-49.120000,-104.380000,347,12.3,9,0.9*50
G,1,194,1,-48.960000,-104.040000,347,12.3,9,0.9*55
G,1,195,1,-48.800000,-103.700000,347,12.3,9,0.9*57
G,1,196,1,-48.640000,-103.360000,347,12.3,9,0.9*5C
G,1,197,1,-48.480000,-103.020000,347,12.3,9,0.9*54
G,1,198,1,-48.320000,-102.680000,347,12.3,9,0.9*5B
G,1,199,1,-48.160000,-102.340000,347,12.3,9,0.9*55
G,1,200,1,-48.000000,-102.000000,347,12.3,9,0.9*56
G,1,201,1,-47.840000,-101.660000,347,12.3,9,0.9*57
G,1,202,1,-47.680000,-101.320000,347,12.3,9,0.9*57
G,1,203,1,-47.520000,-100.980000,347,12.3,9,0.9*5E
G,1,204,1,-47.360000,-100.640000,347,12.3,9,0.9*58
G,1,205,1,-47.200000,-100.300000,347,12.3,9,0.9*5F
G,1,206,1,-47.040000,-99.960000,347,12.3,9,0.9*67
G,1,207,1,-46.880000,-99.620000,347,12.3,9,0.9*68
G,1,208,1,-46.720000,-99.280000,347,12.3,9,0.9*6C
G,1,209,1,-46.560000,-98.940000,347,12.3,9,0.9*6D
G,1,210,1,-46.400000,-98.600000,347,12.3,9,0.9*69
G,1,211,1,-46.240000,-98.260000,347,12.3,9,0.9*68
G,1,212,1,-46.080000,-97.920000,347,12.3,9,0.9*65
G,1,213,1,-45.920000,-97.580000,347,12.3,9,0.9*62
G,1,214,1,-45.760000,-97.240000,347,12.3,9,0.9*64
G,1,215,1,-45.600000,-96.900000,347,12.3,9,0.9*6C
G,1,216,1,-45.440000,-96.560000,347,12.3,9,0.9*63
G,1,217,1,-45.280000,-96.220000,347,12.3,9,0.9*6B
G,1,218,1,-45.120000,-95.880000,347,12.3,9,0.9*6E
G,1,219,1,-44.960000,-95.540000,347,12.3,9,0.9*63
G,1,220,1,-44.800000,-95.200000,347,12.3,9,0.9*6D
G,1,221,1,-44.640000,-94.860000,347,12.3,9,0.9*6B
G,1,222,1,-44.480000,-94.520000,347,12.3,9,0.9*6F
G,1,223,1,-44.320000,-94.180000,347,12.3,9,0.9*6D
G,1,224,1,-44.160000,-93.840000,347,12.3,9,0.9*6E
G,1,225,1,-44.000000,-93.500000,347,12.3,9,0.9*61
G,1,226,1,-43.840000,-93.160000,347,12.3,9,0.9*6B
G,1,227,1,-43.680000,-92.820000,347,12.3,9,0.9*64
G,1,228,1,-43.520000,-92.480000,347,12.3,9,0.9*64
G,1,229,1,-43.360000,-92.140000,347,12.3,9,0.9*6E
G,1,230,1,-43.200000,-91.800000,347,12.3,9,0.9*6F
G,1,231,1,-43.040000,-91.460000,347,12.3,9,0.9*62
G,1,232,1,-42.880000,-91.120000,347,12.3,9,0.9*65
G,1,233,1,-42.720000,-90.780000,347,12.3,9,0.9*6C
G,1,234,1,-42.560000,-90.440000,347,12.3,9,0.9*62
G,1,235,1,-42.400000,-90.100000,347,12.3,9,0.9*65
G,1,236,1,-42.240000,-89.760000,347,12.3,9,0.9*6C
G,1,237,1,-42.080000,-89.420000,347,12.3,9,0.9*64
G,1,238,1,-41.920000,-89.080000,347,12.3,9,0.9*65
G,1,239,1,-41.760000,-88.740000,347,12.3,9,0.9*64
G,1,240,1,-41.600000,-88.400000,347,12.3,9,0.9*6A
G,1,241,1,-41.440000,-88.060000,347,12.3,9,0.9*6F
G,1,242,1,-41.280000,-87.720000,347,12.3,9,0.9*6A
G,1,243,1,-41.120000,-87.380000,347,12.3,9,0.9*6C
G,1,244,1,-40.960000,-87.040000,347,12.3,9,0.9*69
G,1,245,1,-40.800000,-86.700000,347,12.3,9,0.9*6D
G,1,246,1,-40.640000,-86.360000,347,12.3,9,0.9*66
G,1,247,1,-40.480000,-86.020000,347,12.3,9,0.9*6E
G,1,248,1,-40.320000,-85.680000,347,12.3,9,0.9*63
G,1,249,1,-40.160000,-85.340000,347,12.3,9,0.9*6D
G,1,250,1,-40.000000,-85.000000,347,12.3,9,0.9*65
G,1,251,1,-39.840000,-84.660000,347,12.3,9,0.9*67
G,1,252,1,-39.680000,-84.320000,347,12.3,9,0.9*67
G,1,253,1,-39.520000,-83.980000,347,12.3,9,0.9*68
G,1,254,1,-39.360000,-83.640000,347,12.3,9,0.9*6E
G,1,255,1,-39.200000,-83.300000,347,12.3,9,0.9*69
G,1,256,1,-39.040000,-82.960000,347,12.3,9,0.9*61
G,1,257,1,-38.880000,-82.620000,347,12.3,9,0.9*6E
G,1,258,1,-38.720000,-82.280000,347,12.3,9,0.9*6A
G,1,259,1,-38.560000,-81.940000,347,12.3,9,0.9*69
G,1,260,1,-38.400000,-81.600000,347,12.3,9,0.9*6F
G,1,261,1,-38.240000,-81.260000,347,12.3,9,0.9*6E
G,1,262,1,-38.080000,-80.920000,347,12.3,9,0.9*6D
G,1,263,1,-37.920000,-80.580000,347,12.3,9,0.9*66
G,1,264,1,-37.760000,-80.240000,347,12.3,9,0.9*60
G,1,265,1,-37.600000,-79.900000,347,12.3,9,0.9*6F
G,1,266,1,-37.440000,-79.560000,347,12.3,9,0.9*60
G,1,267,1,-37.280000,-79.220000,347,12.3,9,0.9*68
G,1,268,1,-37.120000,-78.880000,347,12.3,9,0.9*6F
G,1,269,1,-36.960000,-78.540000,347,12.3,9,0.9*62
G,1,270,1,-36.800000,-78.200000,347,12.3,9,0.9*6E
G,1,271,1,-36.640000,-77.860000,347,12.3,9,0.9*66
G,1,272,1,-36.480000,-77.520000,347,12.3,9,0.9*62
G,1,273,1,-36.320000,-77.180000,347,12.3,9,0.9*60
G,1,274,1,-36.160000,-76.840000,347,12.3,9,0.9*65
G,1,275,1,-36.000000,-76.500000,347,12.3,9,0.9*6A
G,1,276,1,-35.840000,-76.160000,347,12.3,9,0.9*64
G,1,277,1,-35.680000,-75.820000,347,12.3,9,0.9*69
G,1,278,1,-35.520000,-75.480000,347,12.3,9,0.9*69
G,1,279,1,-35.360000,-75.140000,347,12.3,9,0.9*63
G,1,280,1,-35.200000,-74.800000,347,12.3,9,0.9*6E
G,1,281,1,-35.040000,-74.460000,347,12.3,9,0.9*63
G,1,282,1,-34.880000,-74.120000,347,12.3,9,0.9*64
G,1,283,1,-34.720000,-73.780000,347,12.3,9,0.9*6B
G,1,284,1,-34.560000,-73.440000,347,12.3,9,0.9*65
G,1,285,1,-34.400000,-73.100000,347,12.3,9,0.9*62
G,1,286,1,-34.240000,-72.760000,347,12.3,9,0.9*62
G,1,287,1,-34.080000,-72.420000,347,12.3,9,0.9*6A
G,1,288,1,-33.920000,-72.080000,347,12.3,9,0.9*6F
G,1,289,1,-33.760000,-71.740000,347,12.3,9,0.9*6C
G,1,290,1,-33.600000,-71.400000,347,12.3,9,0.9*64
G,1,291,1,-33.440000,-71.060000,347,12.3,9,0.9*61
G,1,292,1,-33.280000,-70.720000,347,12.3,9,0.9*6A
G,1,293,1,-33.120000,-70.380000,347,12.3,9,0.9*6C
G,1,294,1,-32.960000,-70.040000,347,12.3,9,0.9*69
G,1,295,1,-32.800000,-69.700000,347,12.3,9,0.9*64
G,1,296,1,-32.640000,-69.360000,347,12.3,9,0.9*6F
G,1,297,1,-32.480000,-69.020000,347,12.3,9,0.9*67
G,1,298,1,-32.320000,-68.680000,347,12.3,9,0.9*68
G,1,299,1,-32.160000,-68.340000,347,12.3,9,0.9*66
G,1,300,1,-32.000000,-68.000000,347,12.3,9,0.9*67
G,1,301,1,-31.840000,-67.660000,347,12.3,9,0.9*66
G,1,302,1,-31.680000,-67.320000,347,12.3,9,0.9*66
G,1,303,1,-31.520000,-66.980000,347,12.3,9,0.9*6F
G,1,304,1,-31.360000,-66.640000,347,12.3,9,0.9*69
G,1,305,1,-31.200000,-66.300000,347,12.3,9,0.9*6E
G,1,306,1,-31.040000,-65.960000,347,12.3,9,0.9*64
G,1,307,1,-30.880000,-65.620000,347,12.3,9,0.9*6B
G,1,308,1,-30.720000,-65.280000,347,12.3,9,0.9*6F
G,1,309,1,-30.560000,-64.940000,347,12.3,9,0.9*6E
G,1,310,1,-30.400000,-64.600000,347,12.3,9,0.9*6A
G,1,311,1,-30.240000,-64.260000,347,12.3,9,0.9*6B
G,1,312,1,-30.080000,-63.920000,347,12.3,9,0.9*6E
G,1,313,1,-29.920000,-63.580000,347,12.3,9,0.9*62
G,1,314,1,-29.760000,-63.240000,347,12.3,9,0.9*64
G,1,315,1,-29.600000,-62.900000,347,12.3,9,0.9*6C
G,1,316,1,-29.440000,-62.560000,347,12.3,9,0.9*63
G,1,317,1,-29.280000,-62.220000,347,12.3,9,0.9*6B
G,1,318,1,-29.120000,-61.880000,347,12.3,9,0.9*6E
G,1,319,1,-28.960000,-61.540000,347,12.3,9,0.9*63
G,1,320,1,-28.800000,-61.200000,347,12.3,9,0.9*6D
G,1,321,1,-28.640000,-60.860000,347,12.3,9,0.9*6B
G,1,322,1,-28.480000,-60.520000,347,12.3,9,0.9*6F
G,1,323,1,-28.320000,-60.180000,347,12.3,9,0.9*6D
G,1,324,1,-28.160000,-59.840000,347,12.3,9,0.9*63
G,1,325,1,-28.000000,-59.500000,347,12.3,9,0.9*6C
G,1,326,1,-27.840000,-59.160000,347,12.3,9,0.9*6E
G,1,327,1,-27.680000,-58.820000,347,12.3,9,0.9*61
G,1,328,1,-27.520000,-58.480000,347,12.3,9,0.9*61
G,1,329,1,-27.360000,-58.140000,347,12.3,9,0.9*6B
G,1,330,1,-27.200000,-57.800000,347,12.3,9,0.9*66
G,1,331,1,-27.040000,-57.460000,347,12.3,9,0.9*6B
G,1,332,1,-26.880000,-57.120000,347,12.3,9,0.9*6C
G,1,333,1,-26.720000,-56.780000,347,12.3,9,0.9*65
G,1,334,1,-26.560000,-56.440000,347,12.3,9,0.9*6B
G,1,335,1,-26.400000,-56.100000,347,12.3,9,0.9*6C
G,1,336,1,-26.240000,-55.760000,347,12.3,9,0.9*6E
G,1,337,1,-26.080000,-55.420000,347,12.3,9,0.9*66
G,1,338,1,-25.920000,-55.080000,347,12.3,9,0.9*67
G,1,339,1,-25.760000,-54.740000,347,12.3,9,0.9*66
G,1,340,1,-25.600000,-54.400000,347,12.3,9,0.9*68
G,1,341,1,-25.440000,-54.060000,347,12.3,9,0.9*6D
G,1,342,1,-25.280000,-53.720000,347,12.3,9,0.9*60
G,1,343,1,-25.120000,-53.380000,347,12.3,9,0.9*66
G,1,344,1,-24.960000,-53.040000,347,12.3,9,0.9*63
G,1,345,1,-24.800000,-52.700000,347,12.3,9,0.9*67
G,1,346,1,-24.640000,-52.360000,347,12.3,9,0.9*6C
G,1,347,1,-24.480000,-52.020000,347,12.3,9,0.9*64
G,1,348,1,-24.320000,-51.680000,347,12.3,9,0.9*69
G,1,349,1,-24.160000,-51.340000,347,12.3,9,0.9*67
G,1,350,1,-24.000000,-51.000000,347,12.3,9,0.9*6F
G,1,351,1,-23.840000,-50.660000,347,12.3,9,0.9*64
G,1,352,1,-23.680000,-50.320000,347,12.3,9,0.9*64
G,1,353,1,-23.520000,-49.980000,347,12.3,9,0.9*64
G,1,354,1,-23.360000,-49.640000,347,12.3,9,0.9*62
G,1,355,1,-23.200000,-49.300000,347,12.3,9,0.9*65
G,1,356,1,-23.040000,-48.960000,347,12.3,9,0.9*6D
G,1,357,1,-22.880000,-48.620000,347,12.3,9,0.9*62
G,1,358,1,-22.720000,-48.280000,347,12.3,9,0.9*66
G,1,359,1,-22.560000,-47.940000,347,12.3,9,0.9*69
G,1,360,1,-22.400000,-47.600000,347,12.3,9,0.9*6F
G,1,361,1,-22.240000,-47.260000,347,12.3,9,0.9*6E
G,1,362,1,-22.080000,-46.920000,347,12.3,9,0.9*6D
G,1,363,1,-21.920000,-46.580000,347,12.3,9,0.9*6A
G,1,364,1,-21.760000,-46.240000,347,12.3,9,0.9*6C
G,1,365,1,-21.600000,-45.900000,347,12.3,9,0.9*66
G,1,366,1,-21.440000,-45.560000,347,12.3,9,0.9*69
G,1,367,1,-21.280000,-45.220000,347,12.3,9,0.9*61
G,1,368,1,-21.120000,-44.880000,347,12.3,9,0.9*66
G,1,369,1,-20.960000,-44.540000,347,12.3,9,0.9*6B
G,1,370,1,-20.800000,-44.200000,347,12.3,9,0.9*67
G,1,371,1,-20.640000,-43.860000,347,12.3,9,0.9*67
G,1,372,1,-20.480000,-43.520000,347,12.3,9,0.9*63
G,1,373,1,-20.320000,-43.180000,347,12.3,9,0.9*61
G,1,374,1,-20.160000,-42.840000,347,12.3,9,0.9*64
G,1,375,1,-20.000000,-42.500000,347,12.3,9,0.9*6B
G,1,376,1,-19.840000,-42.160000,347,12.3,9,0.9*6C
G,1,377,1,-19.680000,-41.820000,347,12.3,9,0.9*61
G,1,378,1,-19.520000,-41.480000,347,12.3,9,0.9*61
G,1,379,1,-19.360000,-41.140000,347,12.3,9,0.9*6B
G,1,380,1,-19.200000,-40.800000,347,12.3,9,0.9*66
G,1,381,1,-19.040000,-40.460000,347,12.3,9,0.9*6B
G,1,382,1,-18.880000,-40.120000,347,12.3,9,0.9*6C
G,1,383,1,-18.720000,-39.780000,347,12.3,9,0.9*6A
G,1,384,1,-18.560000,-39.440000,347,12.3,9,0.9*64
G,1,385,1,-18.400000,-39.100000,347,12.3,9,0.9*63
G,1,386,1,-18.240000,-38.760000,347,12.3,9,0.9*63
G,1,387,1,-18.080000,-38.420000,347,12.3,9,0.9*6B
G,1,388,1,-17.920000,-38.080000,347,12.3,9,0.9*66
G,1,389,1,-17.760000,-37.740000,347,12.3,9,0.9*69
G,1,390,1,-17.600000,-37.400000,347,12.3,9,0.9*61
G,1,391,1,-17.440000,-37.060000,347,12.3,9,0.9*64
G,1,392,1,-17.280000,-36.720000,347,12.3,9,0.9*6F
G,1,393,1,-17.120000,-36.380000,347,12.3,9,0.9*69
G,1,394,1,-16.960000,-36.040000,347,12.3,9,0.9*6C
G,1,395,1,-16.800000,-35.700000,347,12.3,9,0.9*6A
G,1,396,1,-16.640000,-35.360000,347,12.3,9,0.9*61
G,1,397,1,-16.480000,-35.020000,347,12.3,9,0.9*69
G,1,398,1,-16.320000,-34.680000,347,12.3,9,0.9*66
G,1,399,1,-16.160000,-34.340000,347,12.3,9,0.9*68
G,1,400,1,-16.000000,-34.000000,347,12.3,9,0.9*6F
G,1,401,1,-15.840000,-33.660000,347,12.3,9,0.9*66
G,1,402,1,-15.680000,-33.320000,347,12.3,9,0.9*66
G,1,403,1,-15.520000,-32.980000,347,12.3,9,0.9*6F
G,1,404,1,-15.360000,-32.640000,347,12.3,9,0.9*69
G,1,405,1,-15.200000,-32.300000,347,12.3,9,0.9*6E
G,1,406,1,-15.040000,-31.960000,347,12.3,9,0.9*64
G,1,407,1,-14.880000,-31.620000,347,12.3,9,0.9*6B
G,1,408,1,-14.720000,-31.280000,347,12.3,9,0.9*6F
G,1,409,1,-14.560000,-30.940000,347,12.3,9,0.9*6E
G,1,410,1,-14.400000,-30.600000,347,12.3,9,0.9*6A
G,1,411,1,-14.240000,-30.260000,347,12.3,9,0.9*6B
G,1,412,1,-14.080000,-29.920000,347,12.3,9,0.9*61
G,1,413,1,-13.920000,-29.580000,347,12.3,9,0.9*62
G,1,414,1,-13.760000,-29.240000,347,12.3,9,0.9*64
G,1,415,1,-13.600000,-28.900000,347,12.3,9,0.9*6C
G,1,416,1,-13.440000,-28.560000,347,12.3,9,0.9*63
G,1,417,1,-13.280000,-28.220000,347,12.3,9,0.9*6B
G,1,418,1,-13.120000,-27.880000,347,12.3,9,0.9*62
G,1,419,1,-12.960000,-27.540000,347,12.3,9,0.9*6F
G,1,420,1,-12.800000,-27.200000,347,12.3,9,0.9*61
G,1,421,1,-12.640000,-26.860000,347,12.3,9,0.9*67
G,1,422,1,-12.480000,-26.520000,347,12.3,9,0.9*63
G,1,423,1,-12.320000,-26.180000,347,12.3,9,0.9*61
G,1,424,1,-12.160000,-25.840000,347,12.3,9,0.9*66
G,1,425,1,-12.000000,-25.500000,347,12.3,9,0.9*69
G,1,426,1,-11.840000,-25.160000,347,12.3,9,0.9*67
G,1,427,1,-11.680000,-24.820000,347,12.3,9,0.9*68
G,1,428,1,-11.520000,-24.480000,347,12.3,9,0.9*68
G,1,429,1,-11.360000,-24.140000,347,12.3,9,0.9*62
G,1,430,1,-11.200000,-23.800000,347,12.3,9,0.9*67
G,1,431,1,-11.040000,-23.460000,347,12.3,9,0.9*6A
G,1,432,1,-10.880000,-23.120000,347,12.3,9,0.9*6D
G,1,433,1,-10.720000,-22.780000,347,12.3,9,0.9*64
G,1,434,1,-10.560000,-22.440000,347,12.3,9,0.9*6A
G,1,435,1,-10.400000,-22.100000,347,12.3,9,0.9*6D
G,1,436,1,-10.240000,-21.760000,347,12.3,9,0.9*6F
G,1,437,1,-10.080000,-21.420000,347,12.3,9,0.9*67
G,1,438,1,-9.920000,-21.080000,347,12.3,9,0.9*5D
G,1,439,1,-9.760000,-20.740000,347,12.3,9,0.9*5C
G,1,440,1,-9.600000,-20.400000,347,12.3,9,0.9*52
G,1,441,1,-9.440000,-20.060000,347,12.3,9,0.9*57
G,1,442,1,-9.280000,-19.720000,347,12.3,9,0.9*57
G,1,443,1,-9.120000,-19.380000,347,12.3,9,0.9*51
G,1,444,1,-8.960000,-19.040000,347,12.3,9,0.9*54
G,1,445,1,-8.800000,-18.700000,347,12.3,9,0.9*50
G,1,446,1,-8.640000,-18.360000,347,12.3,9,0.9*5B
G,1,447,1,-8.480000,-18.020000,347,12.3,9,0.9*53
G,1,448,1,-8.320000,-17.680000,347,12.3,9,0.9*52
G,1,449,1,-8.160000,-17.340000,347,12.3,9,0.9*5C
G,1,450,1,-8.000000,-17.000000,347,12.3,9,0.9*54
G,1,451,1,-7.840000,-16.660000,347,12.3,9,0.9*57
G,1,452,1,-7.680000,-16.320000,347,12.3,9,0.9*57
G,1,453,1,-7.520000,-15.980000,347,12.3,9,0.9*5C
G,1,454,1,-7.360000,-15.640000,347,12.3,9,0.9*5A
G,1,455,1,-7.200000,-15.300000,347,12.3,9,0.9*5D
G,1,456,1,-7.040000,-14.960000,347,12.3,9,0.9*55
G,1,457,1,-6.880000,-14.620000,347,12.3,9,0.9*5A
G,1,458,1,-6.720000,-14.280000,347,12.3,9,0.9*5E
G,1,459,1,-6.560000,-13.940000,347,12.3,9,0.9*59
G,1,460,1,-6.400000,-13.600000,347,12.3,9,0.9*5F
G,1,461,1,-6.240000,-13.260000,347,12.3,9,0.9*5E
G,1,462,1,-6.080000,-12.920000,347,12.3,9,0.9*5D
G,1,463,1,-5.920000,-12.580000,347,12.3,9,0.9*5A
G,1,464,1,-5.760000,-12.240000,347,12.3,9,0.9*5C
G,1,465,1,-5.600000,-11.900000,347,12.3,9,0.9*56
G,1,466,1,-5.440000,-11.560000,347,12.3,9,0.9*59
G,1,467,1,-5.280000,-11.220000,347,12.3,9,0.9*51
G,1,468,1,-5.120000,-10.880000,347,12.3,9,0.9*56
G,1,469,1,-4.960000,-10.540000,347,12.3,9,0.9*5B
G,1,470,1,-4.800000,-10.200000,347,12.3,9,0.9*57
G,1,471,1,-4.640000,-9.860000,347,12.3,9,0.9*68
G,1,472,1,-4.480000,-9.520000,347,12.3,9,0.9*6C
G,1,473,1,-4.320000,-9.180000,347,12.3,9,0.9*6E
G,1,474,1,-4.160000,-8.840000,347,12.3,9,0.9*6B
G,1,475,1,-4.000000,-8.500000,347,12.3,9,0.9*64
G,1,476,1,-3.840000,-8.160000,347,12.3,9,0.9*6E
G,1,477,1,-3.680000,-7.820000,347,12.3,9,0.9*6F
G,1,478,1,-3.520000,-7.480000,347,12.3,9,0.9*6F
G,1,479,1,-3.360000,-7.140000,347,12.3,9,0.9*65
G,1,480,1,-3.200000,-6.800000,347,12.3,9,0.9*68
G,1,481,1,-3.040000,-6.460000,347,12.3,9,0.9*65
G,1,482,1,-2.880000,-6.120000,347,12.3,9,0.9*62
G,1,483,1,-2.720000,-5.780000,347,12.3,9,0.9*69
G,1,484,1,-2.560000,-5.440000,347,12.3,9,0.9*67
G,1,485,1,-2.400000,-5.100000,347,12.3,9,0.9*60
G,1,486,1,-2.240000,-4.760000,347,12.3,9,0.9*60
G,1,487,1,-2.080000,-4.420000,347,12.3,9,0.9*68
G,1,488,1,-1.920000,-4.080000,347,12.3,9,0.9*69
G,1,489,1,-1.760000,-3.740000,347,12.3,9,0.9*6E
G,1,490,1,-1.600000,-3.400000,347,12.3,9,0.9*66
G,1,491,1,-1.440000,-3.060000,347,12.3,9,0.9*63
G,1,492,1,-1.280000,-2.720000,347,12.3,9,0.9*68
G,1,493,1,-1.120000,-2.380000,347,12.3,9,0.9*6E
G,1,494,1,-0.960000,-2.040000,347,12.3,9,0.9*6B
G,1,495,1,-0.800000,-1.700000,347,12.3,9,0.9*6D
G,1,496,1,-0.640000,-1.360000,347,12.3,9,0.9*66
G,1,497,1,-0.480000,-1.020000,347,12.3,9,0.9*6E
G,1,498,1,-0.320000,-0.680000,347,12.3,9,0.9*61
G,1,499,1,-0.160000,-0.340000,347,12.3,9,0.9*6F
G,1,500,1,0.000000,0.000000,347,12.3,9,0.9*6E
G,1,501,1,0.160000,0.340000,347,12.3,9,0.9*6F
G,1,502,1,0.320000,0.680000,347,12.3,9,0.9*63
G,1,503,1,0.480000,1.020000,347,12.3,9,0.9*62
G,1,504,1,0.640000,1.360000,347,12.3,9,0.9*6C
G,1,505,1,0.800000,1.700000,347,12.3,9,0.9*65
G,1,506,1,0.960000,2.040000,347,12.3,9,0.9*61
G,1,507,1,1.120000,2.380000,347,12.3,9,0.9*62
G,1,508,1,1.280000,2.720000,347,12.3,9,0.9*6A
G,1,509,1,1.440000,3.060000,347,12.3,9,0.9*63
G,1,510,1,1.600000,3.400000,347,12.3,9,0.9*6F
G,1,511,1,1.760000,3.740000,347,12.3,9,0.9*6E
G,1,512,1,1.920000,4.080000,347,12.3,9,0.9*6B
G,1,513,1,2.080000,4.420000,347,12.3,9,0.9*64
G,1,514,1,2.240000,4.760000,347,12.3,9,0.9*6A
G,1,515,1,2.400000,5.100000,347,12.3,9,0.9*68
G,1,516,1,2.560000,5.440000,347,12.3,9,0.9*6D
G,1,517,1,2.720000,5.780000,347,12.3,9,0.9*65
G,1,518,1,2.880000,6.120000,347,12.3,9,0.9*60
G,1,519,1,3.040000,6.460000,347,12.3,9,0.9*65
G,1,520,1,3.200000,6.800000,347,12.3,9,0.9*63
G,1,521,1,3.360000,7.140000,347,12.3,9,0.9*69
G,1,522,1,3.520000,7.480000,347,12.3,9,0.9*61
G,1,523,1,3.680000,7.820000,347,12.3,9,0.9*6F
G,1,524,1,3.840000,8.160000,347,12.3,9,0.9*68
G,1,525,1,4.000000,8.500000,347,12.3,9,0.9*60
G,1,526,1,4.160000,8.840000,347,12.3,9,0.9*6D
G,1,527,1,4.320000,9.180000,347,12.3,9,0.9*6E
G,1,528,1,4.480000,9.520000,347,12.3,9,0.9*62
G,1,529,1,4.640000,9.860000,347,12.3,9,0.9*64
G,1,530,1,4.800000,10.200000,347,12.3,9,0.9*52
G,1,531,1,4.960000,10.540000,347,12.3,9,0.9*57
G,1,532,1,5.120000,10.880000,347,12.3,9,0.9*58
G,1,533,1,5.280000,11.220000,347,12.3,9,0.9*51
G,1,534,1,5.440000,11.560000,347,12.3,9,0.9*5F
G,1,535,1,5.600000,11.900000,347,12.3,9,0.9*52
G,1,536,1,5.760000,12.240000,347,12.3,9,0.9*5A
G,1,537,1,5.920000,12.580000,347,12.3,9,0.9*5A
G,1,538,1,6.080000,12.920000,347,12.3,9,0.9*53
G,1,539,1,6.240000,13.260000,347,12.3,9,0.9*52
G,1,540,1,6.400000,13.600000,347,12.3,9,0.9*5C
G,1,541,1,6.560000,13.940000,347,12.3,9,0.9*51
G,1,542,1,6.720000,14.280000,347,12.3,9,0.9*54
G,1,543,1,6.880000,14.620000,347,12.3,9,0.9*5E
G,1,544,1,7.040000,14.960000,347,12.3,9,0.9*57
G,1,545,1,7.200000,15.300000,347,12.3,9,0.9*5D
G,1,546,1,7.360000,15.640000,347,12.3,9,0.9*58
G,1,547,1,7.520000,15.980000,347,12.3,9,0.9*58
G,1,548,1,7.680000,16.320000,347,12.3,9,0.9*5D
G,1,549,1,7.840000,16.660000,347,12.3,9,0.9*5F
G,1,550,1,8.000000,17.000000,347,12.3,9,0.9*55
G,1,551,1,8.160000,17.340000,347,12.3,9,0.9*54
G,1,552,1,8.320000,17.680000,347,12.3,9,0.9*58
G,1,553,1,8.480000,18.020000,347,12.3,9,0.9*57
G,1,554,1,8.640000,18.360000,347,12.3,9,0.9*59
G,1,555,1,8.800000,18.700000,347,12.3,9,0.9*50
G,1,556,1,8.960000,19.040000,347,12.3,9,0.9*56
G,1,557,1,9.120000,19.380000,347,12.3,9,0.9*55
G,1,558,1,9.280000,19.720000,347,12.3,9,0.9*5D
G,1,559,1,9.440000,20.060000,347,12.3,9,0.9*5F
G,1,560,1,9.600000,20.400000,347,12.3,9,0.9*51
G,1,561,1,9.760000,20.740000,347,12.3,9,0.9*50
G,1,562,1,9.920000,21.080000,347,12.3,9,0.9*53
G,1,563,1,10.080000,21.420000,347,12.3,9,0.9*67
G,1,564,1,10.240000,21.760000,347,12.3,9,0.9*69
G,1,565,1,10.400000,22.100000,347,12.3,9,0.9*69
G,1,566,1,10.560000,22.440000,347,12.3,9,0.9*6C
G,1,567,1,10.720000,22.780000,347,12.3,9,0.9*64
G,1,568,1,10.880000,23.120000,347,12.3,9,0.9*63
G,1,569,1,11.040000,23.460000,347,12.3,9,0.9*66
G,1,570,1,11.200000,23.800000,347,12.3,9,0.9*62
G,1,571,1,11.360000,24.140000,347,12.3,9,0.9*6E
G,1,572,1,11.520000,24.480000,347,12.3,9,0.9*66
G,1,573,1,11.680000,24.820000,347,12.3,9,0.9*68
G,1,574,1,11.840000,25.160000,347,12.3,9,0.9*61
G,1,575,1,12.000000,25.500000,347,12.3,9,0.9*6D
G,1,576,1,12.160000,25.840000,347,12.3,9,0.9*60
G,1,577,1,12.320000,26.180000,347,12.3,9,0.9*61
G,1,578,1,12.480000,26.520000,347,12.3,9,0.9*6D
G,1,579,1,12.640000,26.860000,347,12.3,9,0.9*6B
G,1,580,1,12.800000,27.200000,347,12.3,9,0.9*6A
G,1,581,1,12.960000,27.540000,347,12.3,9,0.9*6F
G,1,582,1,13.120000,27.880000,347,12.3,9,0.9*60
G,1,583,1,13.280000,28.220000,347,12.3,9,0.9*67
G,1,584,1,13.440000,28.560000,347,12.3,9,0.9*69
G,1,585,1,13.600000,28.900000,347,12.3,9,0.9*64
G,1,586,1,13.760000,29.240000,347,12.3,9,0.9*6E
G,1,587,1,13.920000,29.580000,347,12.3,9,0.9*6E
G,1,588,1,14.080000,29.920000,347,12.3,9,0.9*63
G,1,589,1,14.240000,30.260000,347,12.3,9,0.9*6B
G,1,590,1,14.400000,30.600000,347,12.3,9,0.9*63
G,1,591,1,14.560000,30.940000,347,12.3,9,0.9*6E
G,1,592,1,14.720000,31.280000,347,12.3,9,0.9*6D
G,1,593,1,14.880000,31.620000,347,12.3,9,0.9*67
G,1,594,1,15.040000,31.960000,347,12.3,9,0.9*6E
G,1,595,1,15.200000,32.300000,347,12.3,9,0.9*66
G,1,596,1,15.360000,32.640000,347,12.3,9,0.9*63
G,1,597,1,15.520000,32.980000,347,12.3,9,0.9*63
G,1,598,1,15.680000,33.320000,347,12.3,9,0.9*64
G,1,599,1,15.840000,33.660000,347,12.3,9,0.9*66
G,1,600,1,16.000000,34.000000,347,12.3,9,0.9*6D
G,1,601,1,16.160000,34.340000,347,12.3,9,0.9*6C
G,1,602,1,16.320000,34.680000,347,12.3,9,0.9*60
G,1,603,1,16.480000,35.020000,347,12.3,9,0.9*61
G,1,604,1,16.640000,35.360000,347,12.3,9,0.9*6F
G,1,605,1,16.800000,35.700000,347,12.3,9,0.9*66
G,1,606,1,16.960000,36.040000,347,12.3,9,0.9*62
G,1,607,1,17.120000,36.380000,347,12.3,9,0.9*61
G,1,608,1,17.280000,36.720000,347,12.3,9,0.9*69
G,1,609,1,17.440000,37.060000,347,12.3,9,0.9*60
G,1,610,1,17.600000,37.400000,347,12.3,9,0.9*6C
G,1,611,1,17.760000,37.740000,347,12.3,9,0.9*6D
G,1,612,1,17.920000,38.080000,347,12.3,9,0.9*60
G,1,613,1,18.080000,38.420000,347,12.3,9,0.9*63
G,1,614,1,18.240000,38.760000,347,12.3,9,0.9*6D
G,1,615,1,18.400000,39.100000,347,12.3,9,0.9*6F
G,1,616,1,18.560000,39.440000,347,12.3,9,0.9*6A
G,1,617,1,18.720000,39.780000,347,12.3,9,0.9*62
G,1,618,1,18.880000,40.120000,347,12.3,9,0.9*6A
G,1,619,1,19.040000,40.460000,347,12.3,9,0.9*6F
G,1,620,1,19.200000,40.800000,347,12.3,9,0.9*69
G,1,621,1,19.360000,41.140000,347,12.3,9,0.9*63
G,1,622,1,19.520000,41.480000,347,12.3,9,0.9*6B
G,1,623,1,19.680000,41.820000,347,12.3,9,0.9*65
G,1,624,1,19.840000,42.160000,347,12.3,9,0.9*6E
G,1,625,1,20.000000,42.500000,347,12.3,9,0.9*6B
G,1,626,1,20.160000,42.840000,347,12.3,9,0.9*66
G,1,627,1,20.320000,43.180000,347,12.3,9,0.9*65
G,1,628,1,20.480000,43.520000,347,12.3,9,0.9*69
G,1,629,1,20.640000,43.860000,347,12.3,9,0.9*6F
G,1,630,1,20.800000,44.200000,347,12.3,9,0.9*66
G,1,631,1,20.960000,44.540000,347,12.3,9,0.9*63
G,1,632,1,21.120000,44.880000,347,12.3,9,0.9*6C
G,1,633,1,21.280000,45.220000,347,12.3,9,0.9*65
G,1,634,1,21.440000,45.560000,347,12.3,9,0.9*6B
G,1,635,1,21.600000,45.900000,347,12.3,9,0.9*66
G,1,636,1,21.760000,46.240000,347,12.3,9,0.9*6E
G,1,637,1,21.920000,46.580000,347,12.3,9,0.9*6E
G,1,638,1,22.080000,46.920000,347,12.3,9,0.9*67
G,1,639,1,22.240000,47.260000,347,12.3,9,0.9*66
G,1,640,1,22.400000,47.600000,347,12.3,9,0.9*68
G,1,641,1,22.560000,47.940000,347,12.3,9,0.9*65
G,1,642,1,22.720000,48.280000,347,12.3,9,0.9*68
G,1,643,1,22.880000,48.620000,347,12.3,9,0.9*62
G,1,644,1,23.040000,48.960000,347,12.3,9,0.9*6B
G,1,645,1,23.200000,49.300000,347,12.3,9,0.9*61
G,1,646,1,23.360000,49.640000,347,12.3,9,0.9*64
G,1,647,1,23.520000,49.980000,347,12.3,9,0.9*64
G,1,648,1,23.680000,50.320000,347,12.3,9,0.9*6A
G,1,649,1,23.840000,50.660000,347,12.3,9,0.9*68
G,1,650,1,24.000000,51.000000,347,12.3,9,0.9*6A
G,1,651,1,24.160000,51.340000,347,12.3,9,0.9*6B
G,1,652,1,24.320000,51.680000,347,12.3,9,0.9*67
G,1,653,1,24.480000,52.020000,347,12.3,9,0.9*64
G,1,654,1,24.640000,52.360000,347,12.3,9,0.9*6A
G,1,655,1,24.800000,52.700000,347,12.3,9,0.9*63
G,1,656,1,24.960000,53.040000,347,12.3,9,0.9*65
G,1,657,1,25.120000,53.380000,347,12.3,9,0.9*66
G,1,658,1,25.280000,53.720000,347,12.3,9,0.9*6E
G,1,659,1,25.440000,54.060000,347,12.3,9,0.9*61
G,1,660,1,25.600000,54.400000,347,12.3,9,0.9*6F
G,1,661,1,25.760000,54.740000,347,12.3,9,0.9*6E
G,1,662,1,25.920000,55.080000,347,12.3,9,0.9*6D
G,1,663,1,26.080000,55.420000,347,12.3,9,0.9*62
G,1,664,1,26.240000,55.760000,347,12.3,9,0.9*6C
G,1,665,1,26.400000,56.100000,347,12.3,9,0.9*6C
G,1,666,1,26.560000,56.440000,347,12.3,9,0.9*69
G,1,667,1,26.720000,56.780000,347,12.3,9,0.9*61
G,1,668,1,26.880000,57.120000,347,12.3,9,0.9*66
G,1,669,1,27.040000,57.460000,347,12.3,9,0.9*63
G,1,670,1,27.200000,57.800000,347,12.3,9,0.9*67
G,1,671,1,27.360000,58.140000,347,12.3,9,0.9*63
G,1,672,1,27.520000,58.480000,347,12.3,9,0.9*6B
G,1,673,1,27.680000,58.820000,347,12.3,9,0.9*65
G,1,674,1,27.840000,59.160000,347,12.3,9,0.9*6C
G,1,675,1,28.000000,59.500000,347,12.3,9,0.9*6C
G,1,676,1,28.160000,59.840000,347,12.3,9,0.9*61
G,1,677,1,28.320000,60.180000,347,12.3,9,0.9*69
G,1,678,1,28.480000,60.520000,347,12.3,9,0.9*65
G,1,679,1,28.640000,60.860000,347,12.3,9,0.9*63
G,1,680,1,28.800000,61.200000,347,12.3,9,0.9*62
G,1,681,1,28.960000,61.540000,347,12.3,9,0.9*67
G,1,682,1,29.120000,61.880000,347,12.3,9,0.9*68
G,1,683,1,29.280000,62.220000,347,12.3,9,0.9*63
G,1,684,1,29.440000,62.560000,347,12.3,9,0.9*6D
G,1,685,1,29.600000,62.900000,347,12.3,9,0.9*60
G,1,686,1,29.760000,63.240000,347,12.3,9,0.9*6A
G,1,687,1,29.920000,63.580000,347,12.3,9,0.9*6A
G,1,688,1,30.080000,63.920000,347,12.3,9,0.9*68
G,1,689,1,30.240000,64.260000,347,12.3,9,0.9*6F
G,1,690,1,30.400000,64.600000,347,12.3,9,0.9*67
G,1,691,1,30.560000,64.940000,347,12.3,9,0.9*6A
G,1,692,1,30.720000,65.280000,347,12.3,9,0.9*69
G,1,693,1,30.880000,65.620000,347,12.3,9,0.9*63
G,1,694,1,31.040000,65.960000,347,12.3,9,0.9*6A
G,1,695,1,31.200000,66.300000,347,12.3,9,0.9*62
G,1,696,1,31.360000,66.640000,347,12.3,9,0.9*67
G,1,697,1,31.520000,66.980000,347,12.3,9,0.9*67
G,1,698,1,31.680000,67.320000,347,12.3,9,0.9*60
G,1,699,1,31.840000,67.660000,347,12.3,9,0.9*62
G,1,700,1,32.000000,68.000000,347,12.3,9,0.9*63
G,1,701,1,32.160000,68.340000,347,12.3,9,0.9*62
G,1,702,1,32.320000,68.680000,347,12.3,9,0.9*6E
G,1,703,1,32.480000,69.020000,347,12.3,9,0.9*6F
G,1,704,1,32.640000,69.360000,347,12.3,9,0.9*61
G,1,705,1,32.800000,69.700000,347,12.3,9,0.9*68
G,1,706,1,32.960000,70.040000,347,12.3,9,0.9*67
G,1,707,1,33.120000,70.380000,347,12.3,9,0.9*64
G,1,708,1,33.280000,70.720000,347,12.3,9,0.9*6C
G,1,709,1,33.440000,71.060000,347,12.3,9,0.9*65
G,1,710,1,33.600000,71.400000,347,12.3,9,0.9*69
G,1,711,1,33.760000,71.740000,347,12.3,9,0.9*68
G,1,712,1,33.920000,72.080000,347,12.3,9,0.9*69
G,1,713,1,34.080000,72.420000,347,12.3,9,0.9*62
G,1,714,1,34.240000,72.760000,347,12.3,9,0.9*6C
G,1,715,1,34.400000,73.100000,347,12.3,9,0.9*6E
G,1,716,1,34.560000,73.440000,347,12.3,9,0.9*6B
G,1,717,1,34.720000,73.780000,347,12.3,9,0.9*63
G,1,718,1,34.880000,74.120000,347,12.3,9,0.9*62
G,1,719,1,35.040000,74.460000,347,12.3,9,0.9*67
G,1,720,1,35.200000,74.800000,347,12.3,9,0.9*61
G,1,721,1,35.360000,75.140000,347,12.3,9,0.9*6B
G,1,722,1,35.520000,75.480000,347,12.3,9,0.9*63
G,1,723,1,35.680000,75.820000,347,12.3,9,0.9*6D
G,1,724,1,35.840000,76.160000,347,12.3,9,0.9*66
G,1,725,1,36.000000,76.500000,347,12.3,9,0.9*6A
G,1,726,1,36.160000,76.840000,347,12.3,9,0.9*67
G,1,727,1,36.320000,77.180000,347,12.3,9,0.9*64
G,1,728,1,36.480000,77.520000,347,12.3,9,0.9*68
G,1,729,1,36.640000,77.860000,347,12.3,9,0.9*6E
G,1,730,1,36.800000,78.200000,347,12.3,9,0.9*6F
G,1,731,1,36.960000,78.540000,347,12.3,9,0.9*6A
G,1,732,1,37.120000,78.880000,347,12.3,9,0.9*65
G,1,733,1,37.280000,79.220000,347,12.3,9,0.9*6C
G,1,734,1,37.440000,79.560000,347,12.3,9,0.9*62
G,1,735,1,37.600000,79.900000,347,12.3,9,0.9*6F
G,1,736,1,37.760000,80.240000,347,12.3,9,0.9*62
G,1,737,1,37.920000,80.580000,347,12.3,9,0.9*62
G,1,738,1,38.080000,80.920000,347,12.3,9,0.9*67
G,1,739,1,38.240000,81.260000,347,12.3,9,0.9*66
G,1,740,1,38.400000,81.600000,347,12.3,9,0.9*68
G,1,741,1,38.560000,81.940000,347,12.3,9,0.9*65
G,1,742,1,38.720000,82.280000,347,12.3,9,0.9*64
G,1,743,1,38.880000,82.620000,347,12.3,9,0.9*6E
G,1,744,1,39.040000,82.960000,347,12.3,9,0.9*67
G,1,745,1,39.200000,83.300000,347,12.3,9,0.9*6D
G,1,746,1,39.360000,83.640000,347,12.3,9,0.9*68
G,1,747,1,39.520000,83.980000,347,12.3,9,0.9*68
G,1,748,1,39.680000,84.320000,347,12.3,9,0.9*69
G,1,749,1,39.840000,84.660000,347,12.3,9,0.9*6B
G,1,750,1,40.000000,85.000000,347,12.3,9,0.9*60
G,1,751,1,40.160000,85.340000,347,12.3,9,0.9*61
G,1,752,1,40.320000,85.680000,347,12.3,9,0.9*6D
G,1,753,1,40.480000,86.020000,347,12.3,9,0.9*6E
G,1,754,1,40.640000,86.360000,347,12.3,9,0.9*60
G,1,755,1,40.800000,86.700000,347,12.3,9,0.9*69
G,1,756,1,40.960000,87.040000,347,12.3,9,0.9*6F
G,1,757,1,41.120000,87.380000,347,12.3,9,0.9*6C
G,1,758,1,41.280000,87.720000,347,12.3,9,0.9*64
G,1,759,1,41.440000,88.060000,347,12.3,9,0.9*63
G,1,760,1,41.600000,88.400000,347,12.3,9,0.9*6D
G,1,761,1,41.760000,88.740000,347,12.3,9,0.9*6C
G,1,762,1,41.920000,89.080000,347,12.3,9,0.9*6F
G,1,763,1,42.080000,89.420000,347,12.3,9,0.9*60
G,1,764,1,42.240000,89.760000,347,12.3,9,0.9*6E
G,1,765,1,42.400000,90.100000,347,12.3,9,0.9*65
G,1,766,1,42.560000,90.440000,347,12.3,9,0.9*60
G,1,767,1,42.720000,90.780000,347,12.3,9,0.9*68
G,1,768,1,42.880000,91.120000,347,12.3,9,0.9*6F
G,1,769,1,43.040000,91.460000,347,12.3,9,0.9*6A
G,1,770,1,43.200000,91.800000,347,12.3,9,0.9*6E
G,1,771,1,43.360000,92.140000,347,12.3,9,0.9*66
G,1,772,1,43.520000,92.480000,347,12.3,9,0.9*6E
G,1,773,1,43.680000,92.820000,347,12.3,9,0.9*60
G,1,774,1,43.840000,93.160000,347,12.3,9,0.9*69
G,1,775,1,44.000000,93.500000,347,12.3,9,0.9*61
G,1,776,1,44.160000,93.840000,347,12.3,9,0.9*6C
G,1,777,1,44.320000,94.180000,347,12.3,9,0.9*69
G,1,778,1,44.480000,94.520000,347,12.3,9,0.9*65
G,1,779,1,44.640000,94.860000,347,12.3,9,0.9*63
G,1,780,1,44.800000,95.200000,347,12.3,9,0.9*62
G,1,781,1,44.960000,95.540000,347,12.3,9,0.9*67
G,1,782,1,45.120000,95.880000,347,12.3,9,0.9*68
G,1,783,1,45.280000,96.220000,347,12.3,9,0.9*63
G,1,784,1,45.440000,96.560000,347,12.3,9,0.9*6D
G,1,785,1,45.600000,96.900000,347,12.3,9,0.9*60
G,1,786,1,45.760000,97.240000,347,12.3,9,0.9*6A
G,1,787,1,45.920000,97.580000,347,12.3,9,0.9*6A
G,1,788,1,46.080000,97.920000,347,12.3,9,0.9*63
G,1,789,1,46.240000,98.260000,347,12.3,9,0.9*6C
G,1,790,1,46.400000,98.600000,347,12.3,9,0.9*64
G,1,791,1,46.560000,98.940000,347,12.3,9,0.9*69
G,1,792,1,46.720000,99.280000,347,12.3,9,0.9*6A
G,1,793,1,46.880000,99.620000,347,12.3,9,0.9*60
G,1,794,1,47.040000,99.960000,347,12.3,9,0.9*69
G,1,795,1,47.200000,100.300000,347,12.3,9,0.9*53
G,1,796,1,47.360000,100.640000,347,12.3,9,0.9*56
G,1,797,1,47.520000,100.980000,347,12.3,9,0.9*56
G,1,798,1,47.680000,101.320000,347,12.3,9,0.9*51
G,1,799,1,47.840000,101.660000,347,12.3,9,0.9*53
G,1,800,1,48.000000,102.000000,347,12.3,9,0.9*5C
G,1,801,1,48.160000,102.340000,347,12.3,9,0.9*5D
G,1,802,1,48.320000,102.680000,347,12.3,9,0.9*51
G,1,803,1,48.480000,103.020000,347,12.3,9,0.9*50
G,1,804,1,48.640000,103.360000,347,12.3,9,0.9*5E
G,1,805,1,48.800000,103.700000,347,12.3,9,0.9*57
G,1,806,1,48.960000,104.040000,347,12.3,9,0.9*57
G,1,807,1,49.120000,104.380000,347,12.3,9,0.9*54
G,1,808,1,49.280000,104.720000,347,12.3,9,0.9*5C
G,1,809,1,49.440000,105.060000,347,12.3,9,0.9*55
G,1,810,1,49.600000,105.400000,347,12.3,9,0.9*59
G,1,811,1,49.760000,105.740000,347,12.3,9,0.9*58
G,1,812,1,49.920000,106.080000,347,12.3,9,0.9*59
G,1,813,1,50.080000,106.420000,347,12.3,9,0.9*5D
G,1,814,1,50.240000,106.760000,347,12.3,9,0.9*53
G,1,815,1,50.400000,107.100000,347,12.3,9,0.9*51
G,1,816,1,50.560000,107.440000,347,12.3,9,0.9*54
G,1,817,1,50.720000,107.780000,347,12.3,9,0.9*5C
G,1,818,1,50.880000,108.120000,347,12.3,9,0.9*55
G,1,819,1,51.040000,108.460000,347,12.3,9,0.9*50
G,1,820,1,51.200000,108.800000,347,12.3,9,0.9*56
G,1,821,1,51.360000,109.140000,347,12.3,9,0.9*5C
G,1,822,1,51.520000,109.480000,347,12.3,9,0.9*54
G,1,823,1,51.680000,109.820000,347,12.3,9,0.9*5A
G,1,824,1,51.840000,110.160000,347,12.3,9,0.9*5A
G,1,825,1,52.000000,110.500000,347,12.3,9,0.9*56
G,1,826,1,52.160000,110.840000,347,12.3,9,0.9*5B
G,1,827,1,52.320000,111.180000,347,12.3,9,0.9*58
G,1,828,1,52.480000,111.520000,347,12.3,9,0.9*54
G,1,829,1,52.640000,111.860000,347,12.3,9,0.9*52
G,1,830,1,52.800000,112.200000,347,12.3,9,0.9*5F
G,1,831,1,52.960000,112.540000,347,12.3,9,0.9*5A
G,1,832,1,53.120000,112.880000,347,12.3,9,0.9*55
G,1,833,1,53.280000,113.220000,347,12.3,9,0.9*5C
G,1,834,1,53.440000,113.560000,347,12.3,9,0.9*52
G,1,835,1,53.600000,113.900000,347,12.3,9,0.9*5F
G,1,836,1,53.760000,114.240000,347,12.3,9,0.9*53
G,1,837,1,53.920000,114.580000,347,12.3,9,0.9*53
G,1,838,1,54.080000,114.920000,347,12.3,9,0.9*5E
G,1,839,1,54.240000,115.260000,347,12.3,9,0.9*5F
G,1,840,1,54.400000,115.600000,347,12.3,9,0.9*51
G,1,841,1,54.560000,115.940000,347,12.3,9,0.9*5C
G,1,842,1,54.720000,116.280000,347,12.3,9,0.9*5D
G,1,843,1,54.880000,116.620000,347,12.3,9,0.9*57
G,1,844,1,55.040000,116.960000,347,12.3,9,0.9*5E
G,1,845,1,55.200000,117.300000,347,12.3,9,0.9*54
G,1,846,1,55.360000,117.640000,347,12.3,9,0.9*51
G,1,847,1,55.520000,117.980000,347,12.3,9,0.9*51
G,1,848,1,55.680000,118.320000,347,12.3,9,0.9*58
G,1,849,1,55.840000,118.660000,347,12.3,9,0.9*5A
G,1,850,1,56.000000,119.000000,347,12.3,9,0.9*5C
G,1,851,1,56.160000,119.340000,347,12.3,9,0.9*5D
G,1,852,1,56.320000,119.680000,347,12.3,9,0.9*51
G,1,853,1,56.480000,120.020000,347,12.3,9,0.9*5B
G,1,854,1,56.640000,120.360000,347,12.3,9,0.9*55
G,1,855,1,56.800000,120.700000,347,12.3,9,0.9*5C
G,1,856,1,56.960000,121.040000,347,12.3,9,0.9*5A
G,1,857,1,57.120000,121.380000,347,12.3,9,0.9*59
G,1,858,1,57.280000,121.720000,347,12.3,9,0.9*51
G,1,859,1,57.440000,122.060000,347,12.3,9,0.9*5A
G,1,860,1,57.600000,122.400000,347,12.3,9,0.9*54
G,1,861,1,57.760000,122.740000,347,12.3,9,0.9*55
G,1,862,1,57.920000,123.080000,347,12.3,9,0.9*56
G,1,863,1,58.080000,123.420000,347,12.3,9,0.9*55
G,1,864,1,58.240000,123.760000,347,12.3,9,0.9*5B
G,1,865,1,58.400000,124.100000,347,12.3,9,0.9*5F
G,1,866,1,58.560000,124.440000,347,12.3,9,0.9*5A
G,1,867,1,58.720000,124.780000,347,12.3,9,0.9*52
G,1,868,1,58.880000,125.120000,347,12.3,9,0.9*55
G,1,869,1,59.040000,125.460000,347,12.3,9,0.9*50
G,1,870,1,59.200000,125.800000,347,12.3,9,0.9*54
G,1,871,1,59.360000,126.140000,347,12.3,9,0.9*5C
G,1,872,1,59.520000,126.480000,347,12.3,9,0.9*54
G,1,873,1,59.680000,126.820000,347,12.3,9,0.9*5A
G,1,874,1,59.840000,127.160000,347,12.3,9,0.9*53
G,1,875,1,60.000000,127.500000,347,12.3,9,0.9*56
G,1,876,1,60.160000,127.840000,347,12.3,9,0.9*5B
G,1,877,1,60.320000,128.180000,347,12.3,9,0.9*56
G,1,878,1,60.480000,128.520000,347,12.3,9,0.9*5A
G,1,879,1,60.640000,128.860000,347,12.3,9,0.9*5C
G,1,880,1,60.800000,129.200000,347,12.3,9,0.9*5D
G,1,881,1,60.960000,129.540000,347,12.3,9,0.9*58
G,1,882,1,61.120000,129.880000,347,12.3,9,0.9*57
G,1,883,1,61.280000,130.220000,347,12.3,9,0.9*57
G,1,884,1,61.440000,130.560000,347,12.3,9,0.9*59
G,1,885,1,61.600000,130.900000,347,12.3,9,0.9*54
G,1,886,1,61.760000,131.240000,347,12.3,9,0.9*5E
G,1,887,1,61.920000,131.580000,347,12.3,9,0.9*5E
G,1,888,1,62.080000,131.920000,347,12.3,9,0.9*57
G,1,889,1,62.240000,132.260000,347,12.3,9,0.9*54
G,1,890,1,62.400000,132.600000,347,12.3,9,0.9*5C
G,1,891,1,62.560000,132.940000,347,12.3,9,0.9*51
G,1,892,1,62.720000,133.280000,347,12.3,9,0.9*52
G,1,893,1,62.880000,133.620000,347,12.3,9,0.9*58
G,1,894,1,63.040000,133.960000,347,12.3,9,0.9*51
G,1,895,1,63.200000,134.300000,347,12.3,9,0.9*5D
G,1,896,1,63.360000,134.640000,347,12.3,9,0.9*58
G,1,897,1,63.520000,134.980000,347,12.3,9,0.9*58
G,1,898,1,63.680000,135.320000,347,12.3,9,0.9*5F
G,1,899,1,63.840000,135.660000,347,12.3,9,0.9*5D
G,1,900,1,64.000000,136.000000,347,12.3,9,0.9*54
G,1,901,1,64.160000,136.340000,347,12.3,9,0.9*55
G,1,902,1,64.320000,136.680000,347,12.3,9,0.9*59
G,1,903,1,64.480000,137.020000,347,12.3,9,0.9*58
G,1,904,1,64.640000,137.360000,347,12.3,9,0.9*56
G,1,905,1,64.800000,137.700000,347,12.3,9,0.9*5F
G,1,906,1,64.960000,138.040000,347,12.3,9,0.9*57
G,1,907,1,65.120000,138.380000,347,12.3,9,0.9*54
G,1,908,1,65.280000,138.720000,347,12.3,9,0.9*5C
G,1,909,1,65.440000,139.060000,347,12.3,9,0.9*55
G,1,910,1,65.600000,139.400000,347,12.3,9,0.9*59
G,1,911,1,65.760000,139.740000,347,12.3,9,0.9*58
G,1,912,1,65.920000,140.080000,347,12.3,9,0.9*54
G,1,913,1,66.080000,140.420000,347,12.3,9,0.9*5B
G,1,914,1,66.240000,140.760000,347,12.3,9,0.9*55
G,1,915,1,66.400000,141.100000,347,12.3,9,0.9*57
G,1,916,1,66.560000,141.440000,347,12.3,9,0.9*52
G,1,917,1,66.720000,141.780000,347,12.3,9,0.9*5A
G,1,918,1,66.880000,142.120000,347,12.3,9,0.9*5F
G,1,919,1,67.040000,142.460000,347,12.3,9,0.9*5A
G,1,920,1,67.200000,142.800000,347,12.3,9,0.9*5C
G,1,921,1,67.360000,143.140000,347,12.3,9,0.9*56
G,1,922,1,67.520000,143.480000,347,12.3,9,0.9*5E
G,1,923,1,67.680000,143.820000,347,12.3,9,0.9*50
G,1,924,1,67.840000,144.160000,347,12.3,9,0.9*5F
G,1,925,1,68.000000,144.500000,347,12.3,9,0.9*5F
G,1,926,1,68.160000,144.840000,347,12.3,9,0.9*52
G,1,927,1,68.320000,145.180000,347,12.3,9,0.9*51
G,1,928,1,68.480000,145.520000,347,12.3,9,0.9*5D
G,1,929,1,68.640000,145.860000,347,12.3,9,0.9*5B
G,1,930,1,68.800000,146.200000,347,12.3,9,0.9*56
G,1,931,1,68.960000,146.540000,347,12.3,9,0.9*53
G,1,932,1,69.120000,146.880000,347,12.3,9,0.9*5C
G,1,933,1,69.280000,147.220000,347,12.3,9,0.9*55
G,1,934,1,69.440000,147.560000,347,12.3,9,0.9*5B
G,1,935,1,69.600000,147.900000,347,12.3,9,0.9*56
G,1,936,1,69.760000,148.240000,347,12.3,9,0.9*52
G,1,937,1,69.920000,148.580000,347,12.3,9,0.9*52
G,1,938,1,70.080000,148.920000,347,12.3,9,0.9*50
G,1,939,1,70.240000,149.260000,347,12.3,9,0.9*51
G,1,940,1,70.400000,149.600000,347,12.3,9,0.9*5F
G,1,941,1,70.560000,149.940000,347,12.3,9,0.9*52
G,1,942,1,70.720000,150.280000,347,12.3,9,0.9*58
G,1,943,1,70.880000,150.620000,347,12.3,9,0.9*52
G,1,944,1,71.040000,150.960000,347,12.3,9,0.9*5B
G,1,945,1,71.200000,151.300000,347,12.3,9,0.9*51
G,1,946,1,71.360000,151.640000,347,12.3,9,0.9*54
G,1,947,1,71.520000,151.980000,347,12.3,9,0.9*54
G,1,948,1,71.680000,152.320000,347,12.3,9,0.9*51
G,1,949,1,71.840000,152.660000,347,12.3,9,0.9*53
G,1,950,1,72.000000,153.000000,347,12.3,9,0.9*55
G,1,951,1,72.160000,153.340000,347,12.3,9,0.9*54
G,1,952,1,72.320000,153.680000,347,12.3,9,0.9*58
G,1,953,1,72.480000,154.020000,347,12.3,9,0.9*5F
G,1,954,1,72.640000,154.360000,347,12.3,9,0.9*51
G,1,955,1,72.800000,154.700000,347,12.3,9,0.9*58
G,1,956,1,72.960000,155.040000,347,12.3,9,0.9*5E
G,1,957,1,73.120000,155.380000,347,12.3,9,0.9*5D
G,1,958,1,73.280000,155.720000,347,12.3,9,0.9*55
G,1,959,1,73.440000,156.060000,347,12.3,9,0.9*5E
G,1,960,1,73.600000,156.400000,347,12.3,9,0.9*50
G,1,961,1,73.760000,156.740000,347,12.3,9,0.9*51
G,1,962,1,73.920000,157.080000,347,12.3,9,0.9*52
G,1,963,1,74.080000,157.420000,347,12.3,9,0.9*59
G,1,964,1,74.240000,157.760000,347,12.3,9,0.9*57
G,1,965,1,74.400000,158.100000,347,12.3,9,0.9*5B
G,1,966,1,74.560000,158.440000,347,12.3,9,0.9*5E
G,1,967,1,74.720000,158.780000,347,12.3,9,0.9*56
G,1,968,1,74.880000,159.120000,347,12.3,9,0.9*51
G,1,969,1,75.040000,159.460000,347,12.3,9,0.9*54
G,1,970,1,75.200000,159.800000,347,12.3,9,0.9*50
G,1,971,1,75.360000,160.140000,347,12.3,9,0.9*51
G,1,972,1,75.520000,160.480000,347,12.3,9,0.9*59
G,1,973,1,75.680000,160.820000,347,12.3,9,0.9*57
G,1,974,1,75.840000,161.160000,347,12.3,9,0.9*5E
G,1,975,1,76.000000,161.500000,347,12.3,9,0.9*52
G,1,976,1,76.160000,161.840000,347,12.3,9,0.9*5F
G,1,977,1,76.320000,162.180000,347,12.3,9,0.9*5E
G,1,978,1,76.480000,162.520000,347,12.3,9,0.9*52
G,1,979,1,76.640000,162.860000,347,12.3,9,0.9*54
G,1,980,1,76.800000,163.200000,347,12.3,9,0.9*55
G,1,981,1,76.960000,163.540000,347,12.3,9,0.9*50
G,1,982,1,77.120000,163.880000,347,12.3,9,0.9*5F
G,1,983,1,77.280000,164.220000,347,12.3,9,0.9*50
G,1,984,1,77.440000,164.560000,347,12.3,9,0.9*5E
G,1,985,1,77.600000,164.900000,347,12.3,9,0.9*53
G,1,986,1,77.760000,165.240000,347,12.3,9,0.9*59
G,1,987,1,77.920000,165.580000,347,12.3,9,0.9*59
G,1,988,1,78.080000,165.920000,347,12.3,9,0.9*5C
G,1,989,1,78.240000,166.260000,347,12.3,9,0.9*5F
G,1,990,1,78.400000,166.600000,347,12.3,9,0.9*57
G,1,991,1,78.560000,166.940000,347,12.3,9,0.9*5A
G,1,992,1,78.720000,167.280000,347,12.3,9,0.9*59
G,1,993,1,78.880000,167.620000,347,12.3,9,0.9*53
G,1,994,1,79.040000,167.960000,347,12.3,9,0.9*5A
G,1,995,1,79.200000,168.300000,347,12.3,9,0.9*5E
G,1,996,1,79.360000,168.640000,347,12.3,9,0.9*5B
G,1,997,1,79.520000,168.980000,347,12.3,9,0.9*5B
G,1,998,1,79.680000,169.320000,347,12.3,9,0.9*5C
G,1,999,1,79.840000,169.660000,347,12.3,9,0.9*5E
